1 0.079235 0.345455 0.103825 0.189091
1 0.240437 0.347273 0.109290 0.185455
1 0.404372 0.347273 0.120219 0.185455
1 0.573770 0.352727 0.142077 0.189091
1 0.751366 0.349091 0.136612 0.181818
1 0.920765 0.350909 0.114754 0.185455
1 0.081967 0.558182 0.098361 0.185455
1 0.240437 0.558182 0.109290 0.178182
1 0.404372 0.560000 0.109290 0.174545
1 0.571038 0.561818 0.103825 0.178182
1 0.745902 0.554545 0.147541 0.170909
1 0.920765 0.560000 0.092896 0.181818
1 0.076503 0.752727 0.131148 0.065455
1 0.084699 0.865455 0.147541 0.101818
1 0.240437 0.810909 0.131148 0.174545
1 0.404372 0.807273 0.142077 0.174545
1 0.759563 0.805455 0.153005 0.258182
1 0.920765 0.847273 0.125683 0.174545
3 0.579235 0.810909 0.153005 0.174545
2 0.920765 0.721818 0.147541 0.083636
