0 0.099567 0.114679 0.181818 0.220183
0 0.296537 0.119266 0.186147 0.220183
0 0.500000 0.119266 0.186147 0.220183
0 0.696970 0.121560 0.173160 0.206422
0 0.896104 0.121560 0.190476 0.215596
0 0.101732 0.369266 0.186147 0.215596
0 0.300866 0.373853 0.177489 0.215596
0 0.497835 0.371560 0.181818 0.229358
0 0.696970 0.371560 0.181818 0.220183
0 0.893939 0.373853 0.186147 0.197248
0 0.099567 0.623853 0.181818 0.201835
0 0.305195 0.630734 0.168831 0.197248
0 0.500000 0.626147 0.186147 0.224771
0 0.699134 0.626147 0.177489 0.197248
0 0.902597 0.626147 0.168831 0.197248
0 0.108225 0.873853 0.190476 0.206422
0 0.309524 0.873853 0.186147 0.215596
0 0.508658 0.871560 0.177489 0.211009
0 0.707792 0.873853 0.177489 0.215596
0 0.911255 0.873853 0.177489 0.197248
