7 0.179000 0.426000 0.138000 0.264000
7 0.334000 0.332500 0.139000 0.231000
7 0.471250 0.251500 0.098500 0.303000
7 0.598000 0.580000 0.145000 0.232000
7 0.441500 0.651500 0.139000 0.251000
7 0.306250 0.716500 0.096500 0.297000
7 0.170000 0.800500 0.133000 0.231000
7 0.045250 0.886500 0.089500 0.223000
7 0.043750 0.526000 0.086500 0.176000
7 0.097750 0.116500 0.082500 0.227000
7 0.235750 0.073500 0.117500 0.145000
7 0.395500 0.037000 0.127000 0.068000
7 0.605250 0.194000 0.137500 0.270000
7 0.764500 0.112500 0.142000 0.219000
7 0.930750 0.083500 0.128500 0.155000
7 0.761000 0.496000 0.138000 0.248000
7 0.910500 0.404500 0.131000 0.229000
7 0.821250 0.840500 0.138500 0.249000
7 0.953500 0.769000 0.092000 0.230000
