6 0.078750 0.087500 0.148500 0.167000
6 0.298000 0.086000 0.216000 0.170000
6 0.526500 0.098000 0.188000 0.184000
6 0.750000 0.090500 0.191000 0.179000
6 0.937250 0.087500 0.122500 0.173000
6 0.057000 0.355500 0.112000 0.291000
6 0.236500 0.358500 0.189000 0.259000
6 0.460000 0.363000 0.182000 0.260000
6 0.694500 0.382500 0.218000 0.243000
6 0.911000 0.376500 0.178000 0.281000
6 0.058250 0.695500 0.114500 0.269000
6 0.257250 0.708000 0.208500 0.242000
6 0.486000 0.708000 0.195000 0.288000
6 0.708750 0.705000 0.179500 0.262000
6 0.918250 0.701000 0.163500 0.258000
